Model B:
accuracies
[0.966372115856652,
 0.7908689248895434,
 0.9378988708885616,
 0.680166912125675,
 0.9420716740304369,
 0.7336769759450171,
 0.55646888167438,
 0.3424051944463632,
 0.5088070732886648,
 0.38205429301650895,
 0.5257304690198246,
 0.41009877737100225]

precisions
[0.9680480366238641,
 0.8138095195931806,
 0.9412330192456491,
 0.7151369716849336,
 0.9457778385368187,
 0.7818913057719201,
 0.6322835423922506,
 0.43009719132138785,
 0.5672229161812608,
 0.4583643825154123,
 0.5822767281652221,
 0.49172165184665323]

recalls
[0.966372115856652,
 0.7908689248895434,
 0.9378988708885616,
 0.680166912125675,
 0.9420716740304369,
 0.7336769759450171,
 0.55646888167438,
 0.3424051944463632,
 0.5088070732886648,
 0.38205429301650895,
 0.5257304690198246,
 0.41009877737100225]

f1_scores
[0.9653733144171595,
 0.7845445563475857,
 0.9367800484938051,
 0.6764260339607674,
 0.9415757336640382,
 0.7288959175888393,
 0.5359302399444404,
 0.31389008692655074,
 0.4876849095728698,
 0.36851268900080747,
 0.5159640849278206,
 0.40546250610386797]

aucs
[0.9985722717589645,
 0.9862149133448107,
 0.9977024173300644,
 0.9694861867240602,
 0.9976732510883297,
 0.9801996604049804,
 0.956377458598267,
 0.9091665041471806,
 0.9459972274553841,
 0.9177370987428746,
 0.9468984503455029,
 0.9244179891269565]

Mean Accuracy: 0.6481
Mean Precision: 0.6940
Mean Recall: 0.6481
Mean F1-score: 0.6384
Mean AUC: 0.9609


Model A:
accuracies
[0.9909180166912126, 0.6691212567501227, 0.9747177221404025, 0.3632793323514973, 0.9695630829651448, 0.4945999018163967, 0.5836844650134696, 0.213649236720315, 0.49043310078054847, 0.23644401464391793, 0.4630102921876079, 0.23962146853629895]

precisions
[0.9911686775772381, 0.7945413490993208, 0.9759299053825093, 0.5804681768607698, 0.97166141462867, 0.7006172512128084, 0.6657903944268386, 0.46470089821644295, 0.6034933416408839, 0.40850382699430077, 0.6267193858774301, 0.4812180033334715]

recalls
[0.9909180166912126, 0.6691212567501227, 0.9747177221404025, 0.3632793323514973, 0.9695630829651448, 0.4945999018163967, 0.5836844650134696, 0.213649236720315, 0.49043310078054847, 0.23644401464391793, 0.4630102921876079, 0.23962146853629895]

f1_scores
[0.9908395280765929, 0.6674232274785773, 0.9746150599221355, 0.363371460648925, 0.9695541754534742, 0.517771116960418, 0.560606539491834, 0.21648666257441485, 0.48090726154110686, 0.23091975692455233, 0.48001151604422526, 0.2440463884542286]

aucs
[0.9996296230715948, 0.9784558535202509, 0.998692127437037, 0.9254267318660055, 0.9981565830157891, 0.9439303182258991, 0.9527443040619433, 0.8485209152195896, 0.9265673018828965, 0.8540459279956993, 0.9123062736154075, 0.8448077930394232]

Mean Accuracy: 0.5574
Mean Precision: 0.6887
Mean Recall: 0.5574
Mean F1-score: 0.5580
Mean AUC: 0.9319

